data/file1.txt 4498 4693 4742 5900 24992 25034 25075 25109 25127 25141 25150 25201 25864 25876 25906 26645 27712 27718 28058 28065 29775 30404 30511 34376 34472 34936 35761 35800 37823 38367 40599 41317 41629 41657 41809 42231 42269 42329 42657 43483 43533 43535 43537 43541 43543 43549 43555 43559 43567 43584 43588 49791 49986 50035 51193 
data/file2.txt -
data/file3.txt 4998 5193 5242 6400 15294 15489 15538 16696 
data/file4.txt -
data/file5.txt -
data/file6.txt 1 3 4 6 
data/file7.txt 1 2 3 4 7 9 10 
data/file8.txt -
data/file9.txt 2 3 4 7 10 11 
data/file10.txt 2 4 8 16 
Sequential search completed.

data/file2.txt -
data/file6.txt 1 3 4 6 
data/file5.txt -
data/file7.txt 1 2 3 4 7 9 10 
data/file9.txt 2 3 4 7 10 11 
data/file4.txt -
data/file10.txt 2 4 8 16 
data/file8.txt -
data/file3.txt 4998 5193 5242 6400 15294 15489 15538 16696 
data/file1.txt 4498 4693 4742 5900 24992 25034 25075 25109 25127 25141 25150 25201 25864 25876 25906 26645 27712 27718 28058 28065 29775 30404 30511 34376 34472 34936 35761 35800 37823 38367 40599 41317 41629 41657 41809 42231 42269 42329 42657 43483 43533 43535 43537 43541 43543 43549 43555 43559 43567 43584 43588 49791 49986 50035 51193 
Delegate Model 1 search completed.

data/file2.txt -
data/file5.txt -
data/file4.txt -
data/file6.txt 1 3 4 6 
data/file7.txt 1 2 3 4 7 9 10 
data/file9.txt 2 3 4 7 10 11 
data/file10.txt 2 4 8 16 
data/file8.txt -
data/file3.txt 4998 5193 5242 6400 15294 15489 15538 16696 
data/file1.txt 4498 4693 4742 5900 24992 25034 25075 25109 25127 25141 25150 25201 25864 25876 25906 26645 27712 27718 28058 28065 29775 30404 30511 34376 34472 34936 35761 35800 37823 38367 40599 41317 41629 41657 41809 42231 42269 42329 42657 43483 43533 43535 43537 43541 43543 43549 43555 43559 43567 43584 43588 49791 49986 50035 51193 
Delegate Model 2 search completed.

